000002
000009
000401
000488
000538
000616
000651
000759
000789
000895
000932
000939
000998
002024
002051
002142
002167
002277
002301
002342
002400
002430
002445
002448
002478
002511
002595
002612
002664
300003
300005
300032
300115
300170
300347
600004
600007
600009
600012
600015
600018
600019
600031
600062
600066
600068
600098
600101
600104
600118
600138
600161
600172
600218
600219
600239
600260
600270
600285
600305
600323
600361
600377
600389
600418
600423
600456
600486
600498
600517
600519
600550
600552
600585
600588
600594
600596
600598
600651
600655
600660
600674
600697
600742
600779
600801
600823
600826
600859
600887
600897
600978
600993
601006
601009
601169
601186
601390
601766
601800
