000005
000016
000019
000025
000032
000046
000062
000065
000153
000400
000404
000409
000413
000416
000521
000524
000525
000531
000532
000534
000539
000543
000552
000553
000554
000568
000584
000590
000591
000600
000601
000607
000608
000619
000625
000628
000637
000661
000665
000671
000690
000700
000705
000722
000733
000736
000737
000739
000748
000750
000768
000790
000799
000802
000803
000816
000819
000820
000831
000858
000863
000887
000889
000892
000895
000903
000905
000921
000938
000979
000982
000993
000995
001896
002009
002013
002016
002018
002028
002052
002059
002061
002081
002084
002092
002096
002105
002113
002120
002124
002138
002144
002148
002159
002174
002182
002185
002189
002199
002215
002219
002224
002226
002235
002236
002241
002244
002271
002276
002281
002288
002294
002298
002304
002305
002306
002309
002310
002316
002324
002325
002339
002353
002358
002364
002374
002375
002379
002381
002382
002385
002386
002391
002398
002400
002421
002429
002439
002443
002447
002450
002451
002456
002467
002496
002501
002503
002507
002509
002511
002517
002521
002531
002535
002567
002568
002571
002573
002587
002635
002641
002653
002656
002663
002665
002691
300017
300026
300031
300040
300044
300057
300058
300068
300070
300072
300074
300081
300083
300086
300095
300104
300113
300128
300132
300133
300135
300146
300168
300187
300196
300197
300202
300204
300215
300228
300241
300251
300259
300262
300265
300270
300273
300285
300298
300315
300326
300332
300347
300355
600007
600011
600020
600021
600027
600050
600070
600086
600097
600098
600108
600119
600120
600157
600165
600182
600198
600199
600208
600222
600230
600235
600236
600251
600252
600256
600260
600272
600284
600291
600292
600297
600312
600313
600315
600329
600336
600353
600365
600389
600433
600452
600487
600490
600521
600552
600565
600578
600583
600587
600593
600596
600608
600623
600643
600653
600678
600682
600684
600692
600694
600702
600705
600731
600735
600756
600759
600764
600778
600790
600796
600803
600809
600817
600834
600850
600858
600863
600868
600886
600891
600892
600973
600988
601222
601311
601933
601991
603000
