000010
000012
000014
000020
000021
000034
000048
000055
000059
000060
000061
000096
000150
000158
000159
000401
000410
000411
000488
000514
000528
000546
000551
000561
000572
000586
000587
000593
000623
000635
000636
000655
000678
000680
000685
000687
000691
000695
000703
000707
000708
000709
000711
000721
000725
000735
000756
000757
000761
000766
000780
000782
000789
000795
000807
000810
000818
000833
000837
000859
000860
000862
000877
000878
000880
000906
000927
000933
000935
000939
000948
000951
000960
000962
000967
000969
000975
002005
002015
002021
002034
002042
002058
002064
002066
002067
002069
002073
002075
002078
002079
002082
002083
002092
002097
002098
002099
002106
002118
002123
002126
002129
002131
002132
002136
002139
002141
002143
002147
002160
002167
002184
002193
002194
002198
002202
002204
002205
002206
002233
002246
002254
002256
002260
002268
002272
002279
002280
002283
002290
002295
002296
002299
002321
002337
002346
002378
002387
002403
002407
002413
002427
002432
002442
002449
002458
002483
002493
002499
002504
002523
002528
002529
002549
002555
002574
002576
002579
002583
002585
002590
002591
002594
002603
002608
002614
002619
002623
002633
002637
300008
300011
300022
300033
300036
300050
300051
300056
300059
300061
300065
300077
300084
300092
300097
300101
300107
300116
300125
300136
300140
300143
300153
300161
300174
300175
300208
300209
300213
300237
300242
300247
300256
300260
300264
300268
300274
300283
300299
300307
300317
300327
300340
600005
600006
600026
600051
600052
600061
600080
600090
600094
600101
600105
600107
600111
600113
600117
600133
600137
600148
600149
600150
600160
600162
600184
600210
600225
600226
600227
600231
600232
600242
600255
600259
600283
600303
600318
600333
600337
600355
600360
600367
600375
600401
600409
600425
600428
600449
600456
600460
600501
600503
600536
600555
600568
600584
600595
600598
600629
600634
600636
600681
600682
600685
600693
600710
600714
600716
600721
600732
600739
600770
600773
600783
600784
600802
600806
600807
600812
600815
600830
600838
600843
600862
600867
600876
600883
600898
600960
600966
600975
601001
601011
601012
601106
601113
601118
601168
601177
601218
601233
601238
601339
601599
601616
601677
601872
601908
