002001
002004
002005
002006
002007
002008
002011
002013
002022
002023
002024
002025
002028
002029
002030
002032
002037
002038
002041
002048
002050
002051
002056
002063
002064
002065
002068
002069
002073
002079
002081
002083
002086
002091
002092
002093
002096
002097
002104
002106
002122
002123
002128
002129
002140
002142
002146
002152
002153
002154
002155
002156
002161
002167
002168
002179
002183
002190
002191
002202
002218
002223
002230
002233
002236
002237
002241
002242
002244
002249
002250
002251
002252
002254
002261
002262
002267
002269
002277
002292
002299
002304
002310
002340
002353
002375
002385
002399
002405
002407
002408
002415
002422
002428
002450
002500
002570
002594
002601
002673
