000001
000002
000063
000069
000157
000338
000425
000527
000538
000568
000629
000651
000776
000792
000858
000869
000895
000898
000937
000983
002024
002142
002304
002415
002594
600000
600005
600010
600011
600015
600016
600019
600028
600029
600030
600031
600036
600048
600050
600104
600111
600115
600150
600188
600256
600276
600309
600348
600362
600406
600489
600519
600547
600585
600795
600837
600875
600887
600900
600999
601006
601018
601088
601111
601117
601118
601158
601166
601169
601186
601288
601299
601318
601328
601336
601390
601398
601558
601600
601601
601618
601628
601666
601668
601669
601688
601699
601766
601788
601800
601808
601818
601857
601898
601899
601939
601958
601988
601989
601998
