000046
000049
000063
000422
000426
000504
000511
000536
000562
000608
000629
000637
000686
000703
000728
000729
000776
000783
000793
000799
000829
000882
000920
000957
000960
000982
000993
000999
002005
002013
002070
002086
002167
002219
002244
002255
002263
002267
002305
002311
002367
002465
002549
002573
002595
300054
300122
300168
600000
600009
600027
600067
600086
600106
600123
600183
600235
600316
600331
600369
600372
600383
600470
600499
600525
600577
600585
600586
600587
600639
600643
600645
600663
600666
600690
600703
600712
600713
600724
600739
600782
600794
600827
600859
600863
600971
600973
600982
601009
601018
601139
601169
601288
601555
601688
601808
601880
601918
601933
601992
