300001
300002
300003
300004
300005
300006
300007
300008
300009
300010
300012
300014
300015
300017
300020
300021
300022
300024
300026
300027
300028
300029
300030
300034
300036
300039
300043
300048
300050
300052
300053
300054
300055
300057
300058
300059
300064
300068
300070
300072
300077
300079
300080
300082
300087
300088
300090
300093
300096
300101
300102
300104
300105
300113
300115
300118
300119
300122
300124
300127
300129
300133
300134
300135
300136
300137
300142
300143
300144
300146
300147
300148
300150
300152
300156
300157
300168
300169
300170
300171
300172
300177
300183
300185
300187
300195
300197
300199
300204
300215
300224
300228
300251
300257
300267
300273
300274
300298
300307
300315
