000009
000027
000063
000158
000301
000423
000429
000504
000532
000538
000539
000547
000606
000610
000627
000729
000811
000851
000899
000903
000913
000917
000923
000938
000948
000988
002008
002079
002089
002107
002148
002161
002245
600064
600089
600100
600110
600128
600143
600145
600160
600210
600227
600231
600235
600250
600266
600283
600300
600309
600366
600387
600415
600493
600590
600624
600630
600635
600689
600744
600770
600779
600781
600783
600820
600839
600862
600880
600884
600895
600896
601333
