000010
000021
000027
000031
000036
000039
000060
000061
000153
000155
000157
000158
000159
000402
000407
000416
000419
000501
000505
000510
000513
000514
000516
000527
000530
000533
000538
000539
000540
000541
000543
000547
000548
000551
000553
000564
000565
000568
000570
000581
000584
000593
000612
000615
000623
000625
000626
000627
000628
000632
000652
000663
000666
000678
000685
000687
000702
000705
000712
000713
000733
000735
000748
000751
000755
000756
000758
000768
000782
000788
000796
000798
000813
000821
000823
000826
000850
000876
000878
000897
000900
000917
000918
000920
000928
000930
000931
000936
000953
000973
000982
000993
000996
000997
002021
002091
002094
002111
002269
002277
002454
600004
600005
600018
600020
600029
600052
600054
600056
600059
600063
600064
600067
600068
600070
600079
600095
600098
600101
600103
600106
600107
600108
600110
600113
600116
600117
600120
600121
600122
600125
600128
600129
600133
600135
600136
600141
600151
600153
600156
600163
600165
600166
600170
600171
600175
600177
600191
600196
600197
600200
600203
600208
600221
600222
600229
600231
600249
600252
600256
600260
600266
600269
600273
600278
600287
600288
600291
600292
600293
600302
600306
600310
600316
600323
600325
600327
600332
600339
600350
600366
600380
600382
600388
600389
600390
600395
600398
600408
600415
600435
600452
600467
600469
600475
600476
600483
600487
600498
600500
600503
600505
600507
600510
600518
600530
600571
600580
600592
600593
600596
600604
600606
600611
600621
600622
600623
600630
600635
600638
600639
600640
600641
600642
600644
600649
600650
600651
600652
600653
600654
600655
600663
600675
600676
600682
600685
600689
600695
600704
600725
600726
600736
600739
600741
600744
600747
600750
600754
600755
600757
600770
600785
600787
600802
600805
600811
600814
600815
600818
600823
600826
600827
600828
600830
600832
600838
600851
600857
600864
600865
600866
600880
600881
600884
600888
600896
600900
600981
601007
601018
601107
601158
601188
601999
