000002
000011
000012
000016
000017
000018
000019
000020
000022
000024
000025
000026
000028
000029
000030
000037
000045
000055
000056
000058
000413
000418
000429
000488
000505
000513
000521
000530
000539
000541
000550
000553
000570
000581
000596
000613
000625
000725
000726
000761
000869
600054
600094
600190
600221
600272
600295
600320
600555
600602
600604
600610
600611
600612
600613
600614
600617
600618
600619
600623
600639
600648
600650
600663
600679
600680
600689
600695
600698
600726
600751
600754
600776
600801
600818
600819
600822
600827
600835
600841
600843
600844
600845
600848
600851
