000155
000509
000510
000514
000519
000537
000565
000568
000584
000586
000591
000593
000607
000625
000628
000629
000656
000710
000736
000788
000790
000801
000803
000809
000810
000835
000858
000876
000888
000892
000912
000935
000950
001696
002004
002023
002259
600039
600093
600101
600106
600109
600116
600129
600131
600132
600145
600279
600292
600321
600331
600353
600369
600378
600391
600438
600452
600466
600505
600528
600558
600565
600644
600666
600674
600678
600691
600702
600729
600733
600779
600793
600804
600828
600839
600847
600875
600877
600880
600979
601005
601107
