000012
000049
000055
000151
000415
000521
000533
000539
000627
000683
000690
000691
000720
000767
000777
000786
000836
000862
000899
000930
000969
000975
002006
002009
002035
002060
002074
002077
002080
002083
002129
002164
002202
002218
002594
300335
600027
600076
600089
600098
600111
600112
600131
600151
600152
600184
600192
600206
600220
600256
600290
600328
600396
600416
600438
600482
600538
600550
600578
600580
600590
600605
600642
600644
600653
600661
600674
600795
600875
600884
600885
600893
601727
