000017
000536
000732
000778
000899
001696
002157
002215
002360
002361
002362
002363
002364
002365
002366
002367
002368
002369
002370
002371
002372
002373
002374
002375
002376
002377
002378
002379
002387
002521
002591
002659
002660
002661
002663
002664
002665
002666
002667
300032
300033
300034
300059
300061
300062
300063
300064
300065
300066
300166
300192
300208
300219
300232
300292
300294
300295
300297
300299
300300
300303
300306
300307
600009
600059
600133
600157
600236
600261
600409
600458
600676
600778
600841
600858
600863
600891
601101
601158
601188
601233
601238
601518
601766
601799
601800
