002660
002661
002663
002664
002665
002666
002667
002668
002669
002670
002671
002672
002673
002674
002675
002676
002677
002678
002679
002680
002681
002682
002683
002684
002685
002686
002687
002688
002689
002690
002691
002692
002693
002694
002695
002696
002697
002698
002699
002700
002701
002702
002703
300295
300296
300297
300298
300299
300300
300301
300302
300303
300304
300305
300306
300307
300308
300309
300310
300311
300313
300314
300315
300316
300317
300318
300319
300320
300321
300322
300323
300324
300325
300326
300327
300328
300329
300330
300331
300332
300333
300334
300335
300336
300337
300338
300339
300340
300341
300342
300343
300344
300345
300346
300347
300348
300349
300350
300351
300352
300353
300354
300355
300356
601012
601038
601238
601339
601388
601608
601965
603000
603001
603002
603003
603008
603077
603123
603128
603167
603333
603366
603399
603766
603993
