000007
000008
000100
000159
000408
000409
000426
000502
000506
000511
000517
000534
000540
000547
000603
000663
000697
000710
000711
000718
000752
000779
000813
000816
000850
000861
000908
000975
000979
002021
002125
002162
002176
002180
002192
002203
002206
002225
002239
002252
002276
002326
002392
002418
002449
002459
002470
002481
600010
600039
600051
600083
600089
600090
600101
600110
600112
600146
600162
600193
600208
600240
600247
600251
600287
600326
600359
600368
600392
600393
600482
600505
600507
600516
600532
600568
600575
600576
600603
600614
600711
600721
600744
600747
600759
600766
600773
600792
600807
600811
600868
600882
600987
