000027
000100
000404
000409
000544
000551
000598
000619
000682
000685
000811
000813
000826
000900
000903
000915
000939
002015
002076
002088
002092
002111
002130
002163
002200
002233
002249
002255
002256
002274
002366
002368
002380
002407
002408
002421
002469
002479
002499
002529
002573
002591
002611
002613
002616
002630
002645
002665
002672
300007
300012
300055
300056
300070
300072
300102
300105
300124
300125
300137
300145
300152
300153
300156
300165
300172
300187
300190
300197
300203
300232
300249
300257
300262
300266
300272
300293
300332
300334
300343
300355
600008
600133
600155
600165
600212
600261
600268
600303
600363
600366
600378
600388
600475
600526
600555
600566
600571
600586
600649
600792
600846
600855
600864
600872
600874
601388
601608
