000001
000002
000024
000157
000410
000425
000527
000531
000538
000703
000776
000876
000895
000900
000970
000996
002033
002039
002051
002186
002236
002293
002310
002315
002371
002422
002448
002456
002511
002572
002588
002672
300022
300024
300027
300043
300058
300070
300152
300197
300275
300298
300303
300305
300343
300355
600009
600019
600036
600050
600066
600097
600104
600120
600150
600167
600180
600271
600315
600340
600362
600372
600373
600386
600436
600498
600516
600519
600547
600552
600585
600649
600694
600705
600742
600804
600811
600875
600887
600988
601006
601088
601318
601369
601788
601808
601888
603000
