000058
000061
000415
000419
000421
000592
000626
000735
000828
000900
002120
002126
002131
002133
002178
002183
002208
002245
002250
002277
002280
002285
002344
002375
002404
002418
002522
002552
002560
002575
002600
002615
002624
002634
002653
300079
600012
600064
600070
600095
600113
600119
600120
600143
600211
600237
600305
600327
600330
600400
600415
600491
600527
600533
600535
600572
600596
600606
600611
600614
600679
600728
600767
600773
600777
600784
600787
600830
600851
600872
601515
601567
601678
