000157
000419
000428
000430
000548
000590
000702
000722
000738
000748
000799
000819
000900
000906
000908
000917
000918
000932
000989
000998
002096
002097
002113
002125
002155
002251
002261
002277
002297
002397
002412
002452
002505
002523
002533
002549
002567
002650
002661
300015
300035
300123
300148
300187
300216
300267
300268
300298
600031
600127
600156
600257
600390
600416
600458
600476
600478
600479
600599
600731
600744
600961
600963
600969
600975
600991
601098
601636
601901
