000516
000552
000557
000561
000563
000564
000595
000610
000635
000697
000721
000768
000779
000791
000796
000812
000815
000837
000862
000929
000962
000982
000995
002109
002145
002149
002185
002219
002267
002457
002644
002673
300021
300023
300084
300103
300114
300116
300140
300164
600080
600108
600146
600165
600192
600217
600248
600302
600307
600311
600343
600354
600379
600449
600455
600456
600516
600543
600706
600707
600720
600738
600785
600831
600886
600893
600984
601012
601179
601798
601958
