000009
000012
000155
000541
000601
000619
000652
000697
000755
000786
000826
000833
000839
000862
000932
000969
000970
000973
002009
002011
002028
002056
002076
002083
002088
002091
002123
002145
002169
002202
002227
002255
600010
600011
600022
600089
600112
600123
600131
600151
600160
600188
600202
600261
600282
600290
600292
600309
600348
600360
600366
600388
600392
600396
600416
600419
600423
600426
600475
600499
600509
600550
600569
600578
600585
600586
600590
600636
600644
600649
600720
600725
600740
600792
600848
600863
600875
600884
600970
601005
601666
601727
601898
601958
601991
