000001
000002
000039
000063
000402
000527
000536
000538
000598
000729
000758
000792
000858
000860
000882
000887
000960
000963
000969
000983
000999
002007
002022
002073
002241
002294
002422
600000
600009
600016
600028
600029
600030
600031
600036
600048
600066
600085
600104
600153
600160
600177
600195
600196
600256
600267
600271
600276
600309
600361
600372
600376
600379
600383
600418
600426
600467
600489
600498
600511
600519
600535
600546
600547
600577
600588
600589
600600
600637
600694
600741
600827
600858
600875
600887
600900
601006
601009
601088
601098
601111
601169
601288
601299
601398
601607
601618
601628
601668
601669
601766
601788
601808
601818
601857
601888
601928
601939
601988
601989
