000001
000416
000417
000521
000527
000528
000562
000572
000598
000602
000623
000629
000661
000768
000783
000810
000823
000830
000850
000878
000882
002003
002022
002049
002060
002111
002140
002299
002312
002368
002391
002430
002465
002501
002572
300032
300079
300088
300122
300203
300215
300309
600028
600030
600038
600048
600060
600072
600089
600096
600098
600143
600150
600166
600169
600171
600183
600259
600268
600305
600316
600337
600352
600372
600377
600420
600425
600426
600461
600468
600522
600580
600583
600611
600649
600705
600739
600787
600844
600859
600863
600879
600893
600894
600971
600973
600978
601006
601106
601179
601186
601299
601336
601608
601669
601800
601919
601928
601989
603366
