000012
000055
000418
000533
000727
000815
000816
000862
000926
000959
000962
000969
000973
002006
002008
002019
002035
002050
002056
002071
002077
002083
002132
002139
002163
002165
002189
002218
002248
002263
002273
002309
002335
002371
002384
002389
002506
002518
002610
002613
002623
300080
300082
300093
300102
300111
300118
300160
600089
600095
600131
600135
600151
600184
600207
600220
600295
600308
600330
600359
600482
600537
600550
600586
600589
600644
600656
600661
600673
600674
600690
600703
600770
600796
600885
600893
601012
601208
601636
601886
601908
