000027
000031
000046
000069
000089
000157
000520
000629
000758
000761
000768
000777
000789
000798
000800
000825
000878
000912
000930
000951
002046
002268
002368
002415
600004
600009
600010
600011
600018
600019
600027
600031
600038
600068
600087
600104
600115
600118
600139
600362
600393
600428
600478
600500
600507
600508
600523
600611
600662
600676
600717
600718
600770
600782
600787
600795
600811
600832
600850
600855
600875
600879
600895
600900
600980
600990
