000001
000002
000009
000012
000021
000024
000027
000039
000046
000059
000060
000061
000063
000069
000100
000157
000338
000401
000402
000422
000423
000425
000528
000538
000539
000540
000550
000559
000562
000568
000581
000596
000623
000625
000629
000630
000651
000686
000709
000718
000725
000728
000729
000758
000762
000768
000776
000778
000780
000783
000792
000793
000800
000826
000839
000858
000869
000876
000877
000878
000895
000917
000927
000933
000937
000960
000968
000969
000970
000983
002001
002007
002008
002024
002038
002041
002051
002056
002069
002073
002081
002092
002106
002142
002146
002155
002202
002230
002236
002241
002269
002304
002415
002422
002500
300070
600000
600005
600009
600010
600011
600015
600016
600019
600022
600027
600028
600029
600030
600031
600036
600038
600039
600048
600050
600058
600059
600060
600062
600063
600066
600067
600068
600074
600077
600078
600079
600085
600086
600089
600094
600096
600100
600104
600107
600108
600109
600111
600113
600115
600116
600118
600120
600123
600125
600132
600139
600141
600143
600145
600146
600149
600150
600153
600157
600158
600160
600163
600166
600169
600170
600177
600179
600185
600186
600188
600193
600196
600197
600199
600208
600209
600216
600218
600219
600221
600223
600225
600229
600230
600239
600240
600252
600256
600257
600259
600260
600266
600267
600271
600276
600277
600288
600293
600298
600300
600301
600309
600311
600312
600315
600316
600321
600325
600332
600333
600340
600348
600354
600362
600366
600369
600372
600376
600383
600395
600406
600408
600415
600418
600425
600426
600433
600435
600436
600449
600456
600458
600467
600470
600478
600483
600489
600490
600491
600495
600497
600498
600502
600503
600515
600516
600518
600519
600528
600535
600543
600545
600546
600547
600549
600557
600559
600568
600582
600583
600585
600588
600598
600600
600606
600609
600614
600616
600636
600637
600642
600644
600645
600649
600655
600660
600664
600667
600668
600674
600675
600690
600692
600694
600696
600702
600703
600711
600720
600739
600740
600741
600742
600743
600744
600747
600748
600750
600759
600770
600779
600787
600795
600800
600801
600804
600805
600807
600809
600815
600816
600820
600823
600825
600827
600832
600837
600839
600844
600868
600875
600880
600881
600886
600887
600893
600900
600970
600971
600987
600999
601001
601002
601005
601006
601009
601038
601088
601099
601101
601111
601117
601118
601139
601166
601168
601169
601186
601288
601299
601311
601318
601328
601333
601336
601377
601388
601390
601398
601555
601600
601601
601607
601608
601618
601628
601633
601666
601668
601669
601688
601699
601717
601766
601788
601789
601800
601801
601808
601818
601857
601866
601888
601898
601899
601901
601918
601919
601928
601929
601939
601958
601988
601989
601991
601992
601996
601998
603000
