000024
000027
000043
000046
000400
000514
000555
000562
000566
000572
000584
000600
000616
000655
000667
000720
000733
000751
000758
000760
000761
000767
000768
000825
000831
000839
000875
000878
000897
000898
000933
000935
000950
000951
000963
600007
600010
600033
600053
600067
600104
600118
600141
600162
600208
600219
600236
600246
600247
600269
600271
600295
600362
600393
600456
600497
600507
600528
600547
600572
600577
600582
600585
600586
600607
600611
600614
600662
600673
600676
600677
600690
600708
600725
600726
600738
600787
600791
600807
600811
600820
600831
600836
600855
600886
600896
600961
600963
