000008
000022
000030
000400
000498
000514
000527
000539
000565
000582
000657
000665
000669
000693
000736
000739
000760
000767
000813
000835
000959
000975
002002
002013
002035
002049
002085
002089
002096
002190
002276
002281
002340
002393
002464
002467
002500
300080
300090
300136
300140
300161
600121
600151
600157
600168
600279
600292
600329
600332
600338
600369
600488
600532
600549
600562
600567
600578
600579
600613
600687
600711
600729
600735
600784
600803
600814
600816
600860
601005
601158
601789
