000008
000010
000017
000018
000030
000035
000038
000056
000068
000155
000403
000409
000420
000498
000504
000505
000509
000555
000557
000576
000585
000595
000605
000613
000622
000633
000657
000662
000670
000673
000676
000677
000681
000717
000720
000751
000757
000767
000806
000815
000831
000838
000892
000899
000908
000921
000953
000955
000958
000971
000972
000995
002019
002072
002102
002113
002114
002162
002200
002506
200017
200018
200030
200056
200160
200168
200505
200613
200770
600087
600091
600155
600234
600250
600265
600359
600381
600385
600392
600421
600455
600462
600539
600556
600579
600603
600617
600634
600671
600691
600698
600733
600751
600766
600769
600771
600793
600817
600877
600892
900913
900938
900939
