000039
000063
000157
000338
000488
000585
000666
000756
000898
000921
002202
002490
002594
002672
002703
600011
600012
600016
600026
600027
600028
600029
600030
600036
600115
600188
600196
600332
600362
600377
600548
600585
600600
600685
600688
600775
600806
600808
600837
600860
600871
600874
600875
600876
601005
601038
601088
601107
601111
601186
601238
601288
601318
601328
601333
601336
601390
601398
601588
601600
601601
601607
601618
601628
601633
601717
601727
601766
601800
601808
601857
601866
601880
601898
601899
601919
601939
601988
601991
601992
601998
603993
