000001
000002
000024
000028
000063
000069
000157
000423
000527
000538
000568
000581
000625
000630
000651
000776
000799
000826
000858
000895
000963
000999
002001
002024
002029
002038
002051
002063
002065
002081
002230
002236
002241
002250
002304
002310
002375
002385
002415
002422
002450
300070
600000
600011
600016
600028
600030
600036
600048
600050
600060
600062
600066
600079
600104
600111
600123
600199
600208
600256
600266
600267
600276
600309
600315
600383
600406
600518
600519
600521
600535
600547
600557
600570
600585
600594
600690
600694
600702
600703
600741
600795
600809
600837
600886
600887
601006
601088
601117
601166
601288
601318
601328
601398
601601
601628
601633
601668
601699
601857
