000001
000002
000009
000012
000024
000039
000046
000059
000060
000061
000063
000069
000100
000157
000338
000401
000402
000422
000423
000425
000527
000528
000538
000559
000562
000568
000581
000596
000623
000625
000629
000630
000651
000686
000703
000709
000718
000725
000728
000729
000750
000758
000768
000776
000778
000780
000783
000792
000800
000807
000825
000839
000858
000869
000876
000878
000883
000895
000898
000933
000937
000960
000961
000968
000969
000970
000983
000999
002001
002007
002024
002038
002069
002073
002081
002092
002106
002122
002128
002142
002146
002155
002202
002236
002241
002299
002304
002310
002344
002353
002375
002378
002385
002399
002405
002415
002422
002431
002500
002570
002594
002603
002673
600000
600005
600009
600010
600011
600015
600016
600019
600022
600027
600028
600029
600030
600031
600036
600037
600048
600050
600058
600062
600066
600068
600085
600089
600096
600100
600104
600108
600109
600111
600115
600118
600123
600125
600132
600143
600150
600153
600157
600160
600166
600169
600170
600177
600188
600196
600208
600216
600219
600221
600252
600256
600259
600266
600267
600271
600276
600309
600315
600316
600331
600340
600348
600352
600362
600369
600372
600376
600383
600395
600406
600415
600432
600456
600489
600497
600498
600508
600516
600518
600519
600528
600535
600546
600547
600549
600550
600582
600583
600585
600588
600598
600600
600637
600642
600649
600655
600660
600664
600674
600690
600694
600703
600718
600739
600741
600770
600779
600783
600795
600804
600809
600811
600827
600832
600837
600839
600859
600863
600873
600875
600881
600886
600887
600893
600895
600900
600970
600971
600997
600999
601001
601006
601009
601018
601088
601098
601099
601101
601106
601111
601117
601118
601158
601166
601168
601169
601179
601186
601216
601233
601238
601258
601288
601299
601318
601328
601333
601336
601369
601377
601390
601398
601555
601558
601600
601601
601607
601618
601628
601633
601666
601668
601669
601688
601699
601717
601766
601788
601800
601808
601818
601857
601866
601888
601898
601899
601901
601918
601928
601933
601939
601958
601988
601989
601992
601998
