000153
000417
000521
000543
000596
000619
000630
000713
000728
000850
000859
000868
000979
000980
002018
002042
002057
002136
002140
002147
002171
002208
002226
002230
002298
002331
002347
002352
002361
002538
002541
300009
300087
300088
300090
600012
600054
600063
600199
600218
600237
600255
600318
600375
600418
600444
600470
600496
600502
600520
600551
600567
600575
600577
600585
600761
600808
600971
600983
600985
600990
601801
601918
