000001
000024
000069
000338
000402
000527
000550
000566
000661
000799
000800
000848
000858
000876
000888
000895
000919
000927
000963
000999
002024
002038
002051
002081
002092
002106
002128
002129
002146
002152
002155
002202
002223
002241
002267
002273
002299
002311
002344
002415
002450
002570
300005
300034
300104
300298
600029
600048
600050
600060
600085
600104
600108
600125
600176
600196
600219
600251
600267
600280
600315
600325
600415
600436
600521
600535
600546
600547
600559
600575
600582
600583
600597
600600
600642
600655
600660
600697
600729
600741
600795
600886
600887
600970
600993
601006
601098
601126
601186
601336
601618
601628
601666
601668
601669
601699
601872
601888
601918
601958
