000002
000009
000039
000063
000100
000157
000523
000534
000560
000561
000566
000568
000572
000650
000667
000671
000818
000826
000921
000925
000961
002003
002008
002011
002014
002028
002029
002030
002031
002032
002042
002054
002055
002063
002065
002069
002078
002079
002081
002084
002089
002091
002098
002099
002116
002117
002124
002126
002130
002138
002139
002146
002147
002153
002154
002161
002165
002167
002169
002170
002173
002174
002176
002177
002195
002213
002214
002215
002218
002219
002221
002225
002230
002236
002250
002255
002264
002266
002271
002273
002277
002279
002281
002290
002293
002298
002301
002305
002306
002308
002310
002311
002312
002313
002322
002324
002325
002327
002333
002335
002337
002345
002350
002364
002367
002372
002373
002375
002383
002385
002387
002399
002407
002411
002415
002416
002421
002426
002429
002436
002450
002452
002460
002477
002479
002482
002495
002496
002518
002519
002521
002527
002528
002535
002537
002541
002548
002567
002572
002580
002587
002596
002609
002660
300002
300004
300005
300007
300011
300012
300013
300014
300015
300017
300020
300025
300027
300028
300031
300043
300045
300047
300051
300052
300054
300058
300059
300062
300064
300066
300068
300070
300073
300075
300079
300083
300097
300098
300104
300107
300110
300114
300116
300117
300119
300121
300122
300124
300126
300128
300131
300133
300136
300138
300141
300142
300144
300146
300147
300152
300155
300156
300166
300168
300169
300170
300177
300178
300182
300183
300190
300195
300197
300198
300201
300204
300208
300213
300216
300228
300229
300236
300240
300241
300244
300252
300253
300262
300263
300272
300284
300285
300286
300296
300299
600031
600048
600060
600066
600067
600077
600079
600108
600114
600175
600180
600208
600240
600276
600289
600290
600315
600345
600354
600381
600388
600410
600422
600446
600496
600498
600499
600507
600521
600525
600570
600571
600582
600588
600590
600594
600597
600690
600776
600804
600976
600978
601126
601139
601299
601311
601313
601566
601616
601636
601766
601799
601877
603128
