000001
000002
000024
000063
000069
000157
000338
000423
000527
000538
000562
000568
000629
000630
000651
000758
000776
000792
000858
000895
000937
000970
000983
002024
002142
002304
002594
002673
600000
600010
600015
600016
600019
600028
600029
600030
600031
600036
600048
600050
600085
600100
600104
600111
600123
600150
600256
600348
600362
600383
600406
600489
600518
600519
600547
600549
600585
600690
600703
600739
600795
600809
600837
600875
600887
600900
600999
601006
601009
601088
601166
601169
601288
601299
601318
601328
601336
601377
601398
601555
601601
601607
601628
601668
601669
601688
601699
601766
601788
601800
601818
601857
601899
601901
601928
601939
601988
601989
601998
