000416
000506
000639
000655
000677
000682
000726
000739
000756
000811
000822
000869
000880
002041
002072
002083
002086
002107
002217
002242
002254
002270
002353
002355
002359
002363
002374
002376
002379
002382
002408
002458
002469
002470
002476
002481
002485
002490
002498
002521
002526
002537
002545
002580
002581
002588
002589
002595
002598
002604
002643
002655
300099
300105
300110
300121
300175
300183
300185
300208
300214
300224
300233
300237
300243
300285
300308
600076
600223
600308
600309
600319
600426
600448
600529
600586
600587
600766
600777
600783
600784
600789
600882
600898
600960
600966
600986
601058
601678
